0000010000000000100000000000001001000000001010
0101000000000000000111001000100000000000000000
0000000001000000011010010000011000101001000000
0000000001000010001000000000101000000000100010
0010000000000110000000100000010001001000000010
0001010000110000000100001000000000110001100000
0000000000000000100010011101010000000100000010
0010000100000000101000000010000000000000000010
0000100010000000011000100000000110000000001010
0001000110000000001000000000000000000101010010
0000100000001000000010000000000001010101000001
0010000001000100000000000000000000000000101000
0001000000001001000000000000101000001010011000
0001100000010000000001010000000000000001110100
0000100000000000100000010100010000000000100010
1000001000001000100000011101101000000000011000
0000110000000101000001000000000010000000010010
1000000011000000010000000010000100010000000001
0000000010110001001000001000000000001001010001
1010101010000100000000000101000010100000000000
0000000010000001001000101000000000010011001010
0010010000000010010100000000001000000000001000
0111000001011101000001000000000001000000000000
0000001000100000000010001101000011000000010010
0110000001000000011000100000100000010000000000
1000000000010100100000000000000010111001010000
0001111010000100110100100101100000001000000010
0000001000001010011000100001001000000100100000
0000000000010010000000001001100000001010101100
0010000000000000101000000010010000000101100000
0010000000000000000000100010010001101000001011
0000101001100010010000000100110000010000000110
0100010000000100001010000000001000000001000100
0000010000001101000000100100000000010001100000
1110000000010000101000000000000100010010001000
0001000100100000000000011001100000000000101101
0000000000000000000100000110000110000001010000
0000100000000000010000000100000011001000100000
1000000000100001001000000000000000100000100000
0000000100000000001110000101000101000100000100
0000101000100000000000110001000100011101101000
0010010000000101000001000001000101111010001000
0000010001010000010001000000000000110101011010
1000101000000001000010000000000000000000000101
0000000100000100100000000010010100000001000001
0100000000111000000000000000000010000000100000