1110101100101111011000101100010110010101110101
0011100111100101001010001001010000000100010101
1010110011011000101101011000101101011101110011
1100100110101011000111100101111011001010010111
0001110101010011101111000000001101100100110001
0011110111100011010101111100000101001011010100
1101000001011010111110100000100011100101101110
0111100000011010111000100111101110011101100000
0011010100111111001010110110011100110001010010
1000000011001100000110001110010010111110001000
1101111010010011101100000000011000000110000000
0100101111000011111011100101001000010011000000
1110010010010000101011101100100000010001100111
0110100011000111101111110010010011101110101001
1011010001000001101011101011110101110101111101
0111110010000110010011010000011000101111000001
1111111001011011001111101101010001001101101111
0001110100100010011010000010101001110011011101
0011001000111111101000001011000001000111110001
0010110001110111100011111101011110100111011011
0010101100110100111100011000000100001111111001
1110000011011101011000011110101101011110011100
1110100010001101110010101100101010100110010010
0110010111001110110111011101010100101011101001
0110000111111011011100011010111001001000000011
1111000011000101111000001110110011001101101100
0111011101010001001010100010110100110010001000
1101110000101100100010001110101000110011110111
0110100100011001111101000010110110111010001010
1111110001010111001110101011011001000001110100
0101010000011001001110101110011110101011001011
0000000101000011010000000110001101000001010001
1101000000000100101111001100110001001101101111
1110000001110001110100001001010000100011100110
1111001011011000010011010011111110110000001000
0011111010110010100011000010100010100010001001
0111011111101010011010001000011100001001101101
0000111100010010100100101001000100000000011010
0110000000101111010011111110110110110000010100
0101110011001010001010011100000101100100100000
1110100001001110100110101001100100010000101011
1011001111010110010111001011001100101011011000
0001011011100101100001010010100010110001110101
1011111111011001010011011101011011001110000111
1101101001010101111111110010001111100110100101
1001011000011101111110110011101101111010100001